name: 001/profile/01.jpg, resolution: 158x157, color: RGB, face detected: True, distances: [0.5180198339111505, 0.7103120212851729, 1.123921631863259, 1.251310166895106, 1.1364186084011934, 1.0033862775135047, 0.8352817866645167, 0.686527453035556, 0.2979117955333387, 2.5759896799161495, 3.2850923163750707, 3.8208497944045794, 2.3183907119245344, 2.534870595823591, 2.2841248085140693, 2.5776021930178183, 3.008143191163428, 2.9831492380875595, 2.8626138837378052, 2.112392163186326, 1.9285656695960656, 1.112230911876159, 1.5322905748609208, 1.0436991050552287], mean: 1.8142956005267543
name: 001/profile/02.jpg, resolution: 437x418, color: RGB, face detected: True, distances: [0.16292030262884172, 0.20781097741232632, 0.4065343304172643, 0.4407497837583349, 0.4652206759878686, 0.4367534188080978, 0.483833882605411, 0.3579757590356169, 0.2221540954529031, 1.0779783867824335, 1.3658261526501922, 1.5016478162329059, 1.015350420986938, 1.1008069372515958, 1.0124489505436152, 0.9687079149923905, 1.2400775185310895, 1.256008233606692, 1.123088040467301, 0.8371015952612966, 0.7422837309625218, 0.37412545301260225, 0.550020255548378, 0.320201898547075], mean: 0.7362344388118204
name: 001/profile/03.jpg, resolution: 198x188, color: RGB, face detected: True, distances: [0.26246507629486354, 0.3309692671394799, 0.5611970771545239, 0.7473672899204814, 0.8567053513862024, 0.8712121212121212, 0.6914893617021277, 0.5483021706425961, 0.28583709434773263, 2.322963679346658, 2.8951751558134537, 3.3204384268214056, 2.2643993122716526, 2.4196754781861163, 2.207984096281969, 2.274339136041264, 2.874758220502901, 2.8231785944551904, 2.6617236191704277, 2.0255748979153236, 2.048140984311197, 1.0866645175155814, 1.6244895766172363, 0.9190307328605201], mean: 1.6218367182462927
name: 001/profile/04.jpg, resolution: 239x328, color: RGB, face detected: True, distances: [0.9298142667619145, 1.0234462700275537, 1.3790948055924075, 1.7911266455760793, 1.9851515460761302, 2.155449535666905, 2.0806970098989694, 2.07610470456169, 1.6643279926523113, 1.4507857944688234, 1.9328502908460048, 2.0336258801918565, 1.2207878354934176, 1.4162159404020818, 1.143611593019696, 1.1760128584549443, 1.5422492091029696, 1.549775487294622, 1.345545463822839, 0.6616746606796612, 0.408332482906419, 0.40935299520359225, 0.1687672211450148, 0.506811919583631], mean: 1.3354838503928972
